Namespace(batch_size=64, dump_dir='dump', dynamic=1, gpu=0, model='dgcnn', model_path='log/model-25.ckpt', num_point=1024, num_votes=1, quantize_delay=1, stn=1, visu=False)
Model restored.
----0----
----1----
eval mean loss: 1.556779
eval accuracy: 0.879934
eval avg class acc: 0.836000
  airplane:	1.000
   bathtub:	0.837
       bed:	1.000
     bench:	0.700
 bookshelf:	0.970
    bottle:	0.920
      bowl:	0.950
       car:	0.980
     chair:	0.980
      cone:	0.947
       cup:	0.500
   curtain:	0.900
      desk:	0.894
      door:	0.950
   dresser:	0.952
flower_pot:	0.050
 glass_box:	0.917
    guitar:	1.000
  keyboard:	1.000
      lamp:	0.850
    laptop:	1.000
    mantel:	0.928
   monitor:	0.959
night_stand:	0.553
    person:	0.750
     piano:	0.938
     plant:	0.840
     radio:	0.550
range_hood:	0.969
      sink:	0.800
      sofa:	1.000
    stairs:	0.850
     stool:	0.750
     table:	0.566
      tent:	0.950
    toilet:	1.000
  tv_stand:	0.663
      vase:	0.878
  wardrobe:	0.550
      xbox:	0.650
