Namespace(batch_size=64, dump_dir='dump', dynamic=-1, gpu=0, model='dgcnn', model_path='log/model-75.ckpt', num_point=1024, num_votes=1, quantize_delay=0, visu=False)
Model restored.
----0----
----1----
eval mean loss: 1.626987
eval accuracy: 0.905428
eval avg class acc: 0.863764
  airplane:	1.000
   bathtub:	0.898
       bed:	0.990
     bench:	0.750
 bookshelf:	0.970
    bottle:	0.950
      bowl:	0.900
       car:	1.000
     chair:	0.980
      cone:	1.000
       cup:	0.650
   curtain:	0.800
      desk:	0.929
      door:	0.950
   dresser:	0.833
flower_pot:	0.000
 glass_box:	0.938
    guitar:	1.000
  keyboard:	0.944
      lamp:	0.900
    laptop:	1.000
    mantel:	0.928
   monitor:	0.990
night_stand:	0.765
    person:	0.950
     piano:	0.897
     plant:	0.860
     radio:	0.800
range_hood:	0.938
      sink:	0.600
      sofa:	0.990
    stairs:	0.800
     stool:	0.800
     table:	0.788
      tent:	0.900
    toilet:	1.000
  tv_stand:	0.816
      vase:	0.847
  wardrobe:	0.700
      xbox:	0.800
